Webots Project File version R2025a
perspectives: 000000ff00000000fd00000003000000000000000000000000fc0100000001fb0000001a0044006f00630075006d0065006e0074006100740069006f006e0000000000ffffffff000000000000000000000001000003bd00000550fc0200000002fb0000001400540065007800740045006400690074006f00720100000000000003800000004500fffffffb0000001a0043006f006e0073006f006c00650041006c006c0041006c006c0100000382000001ce0000003900ffffff0000000300000a00000001f6fc0100000001fb0000000e0043006f006e0073006f006c006501000000000000073d0000000000000000000006410000055000000001000000020000000100000008fc00000000
simulationViewPerspectives: 000000ff000000010000000200000100000005620100000002010000000100
sceneTreePerspectives: 000000ff00000001000000030000001e000000c0000000fa0100000002010000000200
maximizedDockId: -1
centralWidgetVisible: 1
orthographicViewHeight: 1
textFiles: -1
consoles: Console:All:All
renderingDevicePerspectives: TIAGo:Astra depth;1;0.466667;0;0
renderingDevicePerspectives: TIAGo:Astra rgb;1;0.0666667;0;0
